# Run metadata

- filename: run.py
- problem: box-support W1-DRO portfolio CVaR (L2 ground norm) -- exact SOCP solve
- T: 2001
- R: 1
- m: 300
- alpha: 0.8
- interval: 100
- interval_SAA: 25
- N_init: 5
- r_start: 6
- power: 0.05
- epsilon_values: 0.0007, 0.0004, 0.0002
- num_epsilon_values: 3
- num_random_seeds: 1
- total_test_combinations: 3
- box_lb: -0.029282373314063574, -0.030742471871740958, -0.003353243288778183, -0.014881866668189058, -0.020778914815475065, -0.02000211288015142, -0.012975080022115743, -0.028136762346175726, -0.01436468449721196, 0.006816698331987242, -0.024109696086466122, 0.013050641733918187, -0.001262373611132582, -0.02879449342319668, -0.012864278744218145, 0.007896018228245105, -0.006317669926605151, -0.01979158002554288, -0.0069410148874753325, -0.025907739115750693, -0.033321019854979046, -0.0242499700283663, -0.024283857572650887, -0.014592469147470873, -0.028922029776544986, 0.0008194195188833616, -0.03510692892388576, -0.03412431570045155, -0.029954385012698145, -0.013625763212151004, 0.006186401111006947, -0.019238259571448615, 0.001823345468361095, -0.0007580748169550468, 0.004382317256184693, 0.010308349397538124, -0.010249327220361664, 0.011441434914853001, -0.019801779947173512, -0.027748633566920113, -0.01782008369288756, -0.0031537814406250248, -0.034418556437352636, 0.004285370482908809, -0.032143378014316375, -0.027417543141956477, -0.02154555708329836, -0.018779122961656656, -0.041342330863365646, -0.008409695176555322, -0.027885144358114077, -0.030686223317211856, -0.006840408480326656, -0.037144793845588824, -0.024968349857001516, -0.016248076105610573, -0.03011428314733748, -0.036480795278860126, -0.02044911647289994, -0.012909901437494462, -0.02622627418303128, -0.02329763257311537, -0.034508830076456797, -0.03121366902624167, -0.007581378056887375, -0.03489543467961532, -0.016508113103852053, -0.031429265854082046, 0.0022206043341798476, -0.02368661406512598, -0.009688295312805286, -0.03078358484688936, 0.0029273915384957017, -0.00031404204020986105, -0.030722656175224967, 0.00020638149941628597, -0.01963146723056628, -0.03884343217784529, -0.013226563399455273, -0.013034887279583239, -0.008876290063186718, -0.024323377451355068, -0.023055448548680954, -0.01418659997402111, -0.04115178421135912, -0.004608761073907589, -0.017067519970607924, -0.002871969476381809, -0.024036170444640632, -0.030808481998906213, -0.039821982686715635, -0.029640277979938526, -0.0022123563331193905, 0.010867205614213397, -0.02458373354720745, -0.00989019061605831, -0.02154802286322413, 0.014820261408105715, -0.03278656326945343, -0.024151508516404487, -0.034334073479093646, -0.03240187737458095, 0.007697434627441878, -0.030665133016246134, -0.004971245956413781, -0.023356373623111104, -0.019652924238947198, -0.02950883057779419, -0.02723567050460721, -0.019092061495907007, -0.03295820560647424, -0.022374202824952092, 0.007384559122913824, 0.012974403910432128, -0.03653324779022812, 0.007768806847172089, -0.038395445468073615, -0.013076335652713947, 0.008100699176828055, -0.025757998155891002, -0.018398668230223736, -0.008573191779048936, -0.02268091114894617, -0.02405795405470015, -0.03962345515485613, -0.01695992458825759, 0.014492639637390404, -0.03870556448510383, -0.021251963705808962, -0.02318861307908811, -0.002412304632594881, -0.0006355392322947253, -0.008847165059619607, -0.022596021049306667, -0.0057789123754409645, -0.02783117797873595, -0.0026438220283050706, -0.018269971325712443, 0.0033792554240503095, 0.012694308906905774, -0.03332040169645826, -0.019444671195189358, 0.014517057968979024, -0.00454700540947386, -0.02807002506921766, -0.029761987675142272, 0.001889907630784691, -0.048508844409499194, -0.03477058657510269, 0.008901070165578904, 0.000104038984496744, 0.010380629118354105, -0.014717586772716468, -0.028349029305299235, -0.013454636334004065, -0.015677407187462328, -0.031102374761936277, -0.03127532067555657, -0.025391293395827793, 0.006559669756255324, 0.006632144435681676, -0.010219856563839275, -0.011843921890584903, -0.0022641064691668765, -0.016688960791826732, -0.029159840972431975, 0.0021233610060632305, -0.0049922343893594665, 0.008602914397943959, 0.0016665547742520813, 0.009803877468568315, -0.013430736455280952, -0.0002781015508481887, -0.014480218505669521, -0.030030630827353074, -0.022258076056699168, -0.02734266459535921, 0.007847459370608609, -0.03808802059018427, -0.005193869708279712, -0.024396123950129082, -0.04049308537592638, -0.030521902565725248, -0.0032562663217706573, -0.012350202142836225, -0.02111368382349821, 0.00944666957234557, -0.01082041507286807, -0.026262419947663186, -0.028075094045474234, -0.0031480824664702014, -0.03449034390769955, -0.010816418050349226, 0.007497135113966291, -0.009311348152625945, -0.019747272742605695, -0.03243533094698019, -0.02415490294665808, 0.002986821300687064, -0.023486549902650155, -0.0090362809209408, -0.04274913725081748, -0.028640701633935447, -0.026167584811122423, 0.006266919436681881, -0.0339585178303352, -0.027089373646147892, -0.04159758275589365, -0.008448322950223587, -0.0047948289999262, -0.01881754900865161, -0.03890369938797674, -0.021642554083562263, -0.028198463193187643, -0.021117922731561056, -0.013901878414355744, -0.034010785706738406, 0.0013752339743610077, 0.003929373063763431, -0.017716526414852347, -0.01908102471292062, -0.03127189129258522, -0.01338569287510791, -0.022212960587228103, -0.003691938685725621, 0.010184610864547968, 0.00052803474353884, -0.0032818781142666892, -0.016760900439555453, -0.028662019642012676, -0.015665040066453542, -0.019138184273387215, 0.005528311493472092, -0.03543464217014073, -0.00790482307269735, 0.015789999639837488, -0.0178463915095442, -0.028656745422166754, 0.01110820004002569, -0.013179828404735595, 0.00920526891105368, -0.0012926444084344843, 0.0037477924213063494, 0.0006342814676197455, -0.008241869996851442, -0.021869364849287202, -0.028388280373137925, 0.008405479500483294, -0.01990330735829931, -0.008852593733075703, -0.026624589900953982, -0.021270161536762915, -0.03664540177876771, -0.0037965861397088792, -0.024085306924083057, -0.025684829524702968, -0.03954686854136236, -0.008555784348272729, -0.007205115800507673, -0.0050122372469719005, -0.016544261067333137, 0.0013342369735839428, -0.03274621102767489, -0.012575810058384372, 0.0009659953318035764, -0.026335362404530792, 0.0017444271163508554, -0.023975803841855145, -0.04037658142803132, 0.013380724624508294, -0.020436250335523178, -0.004972360657126548, -0.04671408615380268, -0.0018110614578777356, -0.03020952801936134, -0.03054742874936043, -0.02832816185101492, -0.013895293452952706, -0.012807678389328912, -0.019631637199121234, -0.041979160223815336, -0.01996037825669864, -0.0050396217427317305, 0.011742613386467118, -0.016171457555063624, 0.011441542932273537, 0.007293398916812096, -0.028226526915395317, -0.03996764674758596, -0.028904925802938068, -0.005281868834423288, -0.030432061579047206, -0.04097478026289068, 0.01028543911154095, 0.002830361894957407, 0.0005650257210848659, -0.01779014665978198, -0.02989093332450382, -0.042321027596469114, 0.005458338976291614
- box_ub: 0.03205639256289493, 0.04382728534084444, 0.0644567810660492, 0.06155712071213034, 0.039046900101179366, 0.035059469978043864, 0.052916569505713565, 0.027270687989706072, 0.05997385579955879, 0.06662370068110304, 0.028872042318968002, 0.06325200283557555, 0.04777191701417506, 0.019304312536964883, 0.03712779565985376, 0.06090771494494396, 0.055966952439869676, 0.03218344933983784, 0.0621930818389259, 0.02833928359129684, 0.021005472595134377, 0.020681113421786235, 0.03860192490184636, 0.040261136299411145, 0.03883194301219231, 0.0605593990623222, 0.03245011482218971, 0.028328578765251244, 0.020133394973419528, 0.058479172703831364, 0.059990559256572214, 0.05769265946649778, 0.07066553559868098, 0.053637780636477304, 0.0617845850562862, 0.062277521024606486, 0.045046107604897044, 0.06206629499921712, 0.05012915555267229, 0.03430966670832215, 0.04535194852734545, 0.05055330982529247, 0.04825990205670725, 0.06592226923137134, 0.038116631106221176, 0.043725474391588894, 0.026643780979321834, 0.034086642969692514, 0.02194062430395892, 0.053122456665317126, 0.038561192971207796, 0.01766660527602921, 0.049512105323828166, 0.033782676001874026, 0.03512251476778595, 0.039205049094924456, 0.026422248989144647, 0.04098147071838351, 0.048831146428053064, 0.04033246172300617, 0.03119185833450883, 0.03401703088832014, 0.045262172845243025, 0.0355896702528645, 0.03488538981994722, 0.03837953261792965, 0.04738152573723191, 0.037530630337999464, 0.06084808189628578, 0.021823235437490526, 0.07342217189658849, 0.028800379683138692, 0.05251939487407537, 0.042257253887563996, 0.030827816908932184, 0.05564371942420399, 0.024629600561059756, 0.026674584453485615, 0.05676400390806013, 0.048160208775696614, 0.052851053051419405, 0.021399981092234295, 0.027023995183437854, 0.05996198476149176, 0.029528266779140493, 0.07023753503213483, 0.039625180821282684, 0.04410893167428832, 0.03579925882341014, 0.028382900753937866, 0.01774023939747407, 0.029599608733245648, 0.07007017259100358, 0.06784807041040883, 0.04576095947539554, 0.02698768468441137, 0.028401577633882277, 0.06253231028331728, 0.020869752959116673, 0.04598111050619623, 0.030289881975235248, 0.03516536464517749, 0.05045890530513313, 0.028158825406146823, 0.042626111997673355, 0.03622425989996772, 0.05024111254421747, 0.04368548742093955, 0.033466915473918814, 0.027932488727317944, 0.02227635371484258, 0.04913620589337122, 0.06123216260460317, 0.060680227123463396, 0.019186281067167205, 0.06598820139891143, 0.02914427302841919, 0.06967866116306, 0.06039268390738896, 0.0224754549772244, 0.030583464744556685, 0.0279409066688576, 0.038420339540853395, 0.055718569831323686, 0.020445487198583, 0.03825340977688964, 0.05283916929660643, 0.029340023026339156, 0.05149470857472413, 0.048740265636049204, 0.06011210668602381, 0.07550189765374221, 0.05775912643734935, 0.031187775661666278, 0.051085201094007306, 0.04477107043018037, 0.06245939728079914, 0.06472123153895938, 0.07505961208233065, 0.053820076653756786, 0.017020611952085513, 0.0293252479629014, 0.05240309020792987, 0.04474304435736525, 0.04507630003693127, 0.016116076201298547, 0.05571189014382371, 0.02798820311106871, 0.02448618883034465, 0.07219067775048578, 0.05903515057687772, 0.057166354769316585, 0.04221345567843587, 0.02687525622483514, 0.04526576802036168, 0.03719628264495649, 0.029076944784618173, 0.026361499830824708, 0.0311181026822341, 0.06768409337207922, 0.06969993747710396, 0.05831171445565974, 0.06348011120244092, 0.055684963773548764, 0.04963956108689146, 0.027442337019354092, 0.06463024475698662, 0.07211386340428011, 0.041987232611135995, 0.07092796196864141, 0.07076771147832649, 0.0447592968121281, 0.0555948616130684, 0.05513936836499933, 0.02409961406286174, 0.03325199603435232, 0.015074272717747335, 0.06274316835388372, 0.019381006382298924, 0.040334905723098585, 0.021335468222227715, 0.03309511427337916, 0.028063455212923926, 0.07037897766846044, 0.04255339346690856, 0.03525185739900121, 0.06996861832758118, 0.04280275867014762, 0.03637222253461567, 0.04565752075255514, 0.0528007749255414, 0.027045603143273533, 0.06856242172020896, 0.06143731679429723, 0.03653744232598554, 0.044487889789110925, 0.02455140720479297, 0.04426084150642911, 0.05286721476692505, 0.04894210411389492, 0.04925044638630658, 0.029829276370652896, 0.0317137091376098, 0.02601015877232708, 0.07155003357058021, 0.016794853004355063, 0.031408111721410135, 0.02306085582634806, 0.05248828165608016, 0.048674671066370585, 0.032843328037089545, 0.0243314835774177, 0.04344323217038028, 0.025162166128809654, 0.04265977521505416, 0.03161480686020693, 0.035882933191330596, 0.06210812654342967, 0.04652130564558129, 0.04687262419411744, 0.036956285407131084, 0.024331828606927147, 0.05418619317644995, 0.05237429182479196, 0.07729996835227017, 0.06769437842792905, 0.06231350205890084, 0.07019688267437171, 0.045419562612906174, 0.04692415564500247, 0.041834138166634685, 0.05176613959940836, 0.05589912438574032, 0.03049104250637034, 0.04785704427568377, 0.05655840502736027, 0.022072899744605905, 0.0366461177695702, 0.055389281537212356, 0.05976364675454094, 0.06963505948013494, 0.045901595350930545, 0.0696292116105395, 0.06187716529566855, 0.054456365678889736, 0.02092711049512476, 0.031425598224530574, 0.057831820893294195, 0.031138726940896786, 0.05902773651238657, 0.048797933195205215, 0.046492160048745144, 0.017616420413670397, 0.06789708259389794, 0.03497850178457168, 0.0369339811033313, 0.02596644409292916, 0.05228277976668096, 0.06296134675182201, 0.036475495237007445, 0.04493547422329156, 0.05462883518911239, 0.02263006537951236, 0.04574041156360977, 0.0529798276883842, 0.040462590602479045, 0.06526680912440141, 0.05060453539205106, 0.03301412053585749, 0.06817338114092644, 0.04558676715823628, 0.06003156800398663, 0.031365510110243924, 0.06186504597136087, 0.024399393272596527, 0.02226727967439843, 0.033847701127023254, 0.03618915274636965, 0.039915663481165396, 0.044751755017903544, 0.026203808401307222, 0.05861019457793175, 0.05793165795810656, 0.06384292786505064, 0.051285106191499646, 0.06223031458443961, 0.06814422849146201, 0.029061709092195465, 0.02639073197301957, 0.024793418025274523, 0.061555450694073185, 0.0368394911187194, 0.03162350975468228, 0.06455796809419355, 0.0465030969543653, 0.07414911301662824, 0.03027378829926454, 0.03221009349437383, 0.03353586077976009, 0.06962853466135874
- box_q: 0.3
